 1305 676
								957								1473
      1155          625
         1256          285
			456         1661
  1173         882
			690   1231
									701        299
 731									1638
						205    1404
		523								844
			1199         1020
         874 800
  956					1377
   244		1332
         309			1163
          1183									1619
     270         413
				953		939
			1011						1217
									1224      702
    542							1610
					916		1360
       671          520
						1498          1044
 1166       1196
								1631										925
  132				1059
 106							1405
       876		1117
									446				1151
								270				1037
								395	1411
       1442		1316
         102	183
   435						1007
 1641 108
       1034   597
	39        400
 191							628
  608	363
  1326    1075
    425		1080
 1467								1466
			1233								406
										912         677
     1175				1538
          799					1420
     1534	1669
					1642     1242
   482 1509
			999										1224
      113  1296
									547									247
					1424  71
									1494									1522
        1317   96
		481  1318
    1332       1094
	575									730
    605   477
          1460			1373
						1231   412
          1231      150
   1220				1345
  237         1113
  822  738
			1331         1463
         1073      1242
						1436		657
    320	1138
								1470   500
   654         635
     1648									1173
		746			584
					168  758
        460      240
  1644       573
				1226    622
 162				1473
      551        1465
       659  424
				1419						1374
    2        1694
							416									601
         948									1362
   1660    612
					1536       74
					1694       1322
         346        1545
	422       1080
   223							1636
			1001 121
       630		1670
        252        1509
       1263								194
         750							220
									1323										44
         156					1619
    1258    682
									1127 208
										498          835
										1167		1546
        988       625
				782				1048
				1206       82
										613								5
         889							1704
						690				407
    699   988
        1121       573
        662    729
         450				1045
		1106        143
							295								603
          922 353
  1042     1268
										956	263
         316						1410
	1339						786
     1095								136
      1383			1087
      9				982
       1074								1370
		289      856
 1327     277
							272						750
				1117  1474
     751										684
  234  1194
										185	234
    983				1337
        1153     548
 1603      891
   1302	1281
	261										844
       1106										1402
 178				1069
							828    155
							717								1030
        1103							677
							1237					1205
				1318									824
          938				592
 1300        532
      1604      1403
		1293				1478
       749      601
         721		1303
				1192			971
						888      68
	1202     1396
									418		602
				982								1084
				951						678
										292						613
  1622							200
									388        1676
								1564					88
				405							1532
						159	324
    1035		1070
          1250						1160
          1432 935
      22      20
									867    1410
          580		349
										698		713
  482				883
      945	1347
				1311									898
          254     1391
			92      1210
 1691	886
										1309          723
	1024       1463
						1617     778
							1137  586
    540					4
 1687  1672
        1338        398
					1634				680
  1627		979
			1427       1141
     1592					1040
				331	1623
  538								1559
								1309   1472
	1233		526
							255										875
						1104								1189
									707								1027
			435 589
       1025		1236
      707			805
 77	367
		397  1245
       280								798
          783							993
       102    1177
						1318         1595
       1275       1493
						417										184
     1691  1648
          269	1684
 66		1489
    243        1374
								281      406
  632          1291
      1375       1219
										635 1169
	481          931
 1642										384
		681										1614
   475										1415
        1091					213
								390									425
								27      266
     869          1471
          1219								133
 758								1145
						164	30
  39          1396
					868    797
										358        1331
			1459 1363
     639								1568
					525									275
 1146 1003
          850          1347
      1257      1407
      223       53
         1204				803
									708						236
						883	944
									1313				476
      1444										770
				866		254
									152						106
        1039        340
      1490	337
		1469       448
       730   1454
     259	968
								612        297
   1657				1408
			448								1593
					122							597
								967							1646
									1209     290
 230						1103
			10			1507
	1613          206
   101	1632
								989						1333
					1455   722
			1181										1544
 1041				1054
										987			1020
      1412		1556
						1021										1365
          630										596
			1017									1122
 457										701
       1199   1485
					650					357
      1591     1597
  1033        812
										1431     359
    150          120
         1415      53
   764     534
	297   423
							1411								947
		1361     532
  1033			1507
          1320			1096
	199					160
      1144    90
		1470      494
									1321         1474
					1337 132
										107							19
    110								1016
						851 1285
							643									1133
  1283		1202
          955   426
   1308				1650
   1593         1617
    920							1633
		1231	1099
 1225       1012
   882        955
										285     55
 738				1295
   802										1209
         270         1654
		125 488
835 1127